 
 

CUST#       BOOK#       WHEN       QNTY        SALE    
----------- ----------- ---------- ----------- --------
      86713           1 04/20/2012           3    94.62
      19782           1 04/24/2012           3    94.62
      44206           1 05/03/2012           1    31.54
      69879           1 05/06/2012           1    31.54
      65067           1 05/07/2012           1    31.54
      28601           1 05/08/2012           3    94.62
      14589           1 05/10/2012           1    31.54
      74946           1 05/13/2012           2    63.08
      20693           1 05/15/2012           1    31.54
      54281           1 05/17/2012           1    31.54
      14556           1 05/19/2012           3    94.62
      80784           1 05/19/2012           3    94.62
      89882           1 05/20/2012           4   126.16
      23245           1 05/24/2012           1    31.54
       9673           1 05/26/2012           2    63.08
      67950           1 05/27/2012           2    63.08
      11508           1 05/29/2012           2    63.08
      30538           1 06/04/2012           6   189.24
      90676           1 06/12/2012           2    63.08
      10422           1 06/17/2012           1    31.54
      98202           1 08/06/2012           1    31.54
      94597           1 08/11/2012           1    31.54
      14273           1 08/14/2012           2    63.08
      53724           1 08/16/2012           2    63.08
      15111           1 08/18/2012           1    31.54
      48371           1 08/18/2012           1    31.54
      87670           1 08/18/2012           2    63.08
       4469           1 08/20/2012           1    31.54
      44189           1 08/22/2012           1    31.54
       3453           1 08/24/2012           2    63.08
      98071           1 08/25/2012           3    94.62
      95163           1 08/27/2012           3    94.62
      24573           1 08/30/2012           3    94.62
      79362           1 09/05/2012           2    63.08
      64286           1 09/09/2012           1    31.54
      17865           1 09/10/2012           1    31.54
      70177           1 09/10/2012           2    63.08
      54480           1 09/11/2012           3    94.62
      94288           1 09/11/2012           1    31.54
      96649           1 09/11/2012           2    63.08
      27848           1 09/16/2012           1    31.54
      85541           1 09/17/2012           3    94.62
      56279           1 09/18/2012           2    63.08
      68006           1 09/18/2012           3    94.62
      82049           1 09/18/2012           1    31.54
      70434           1 09/19/2012           1    31.54
      50134           1 09/23/2012           4   126.16
      86532           1 09/23/2012           2    63.08
      20098           1 09/24/2012           2    63.08
      54505           1 09/26/2012           2    63.08
       3865           1 09/30/2012           1    31.54
      84537           1 10/12/2012           2    63.08
      75917           1 10/13/2012           1    31.54
      52214           1 10/16/2012           2    63.08
      98474           1 11/24/2012           3    94.62
       5412           1 11/26/2012           5   157.70
      14252           1 12/02/2012           1    31.54
      73039           1 12/02/2012           3    94.62
      77698           1 12/03/2012           1    31.54
      75886           1 12/05/2012           4   126.16
      97381           1 12/06/2012           3    94.62
       5283           1 12/07/2012           1    31.54
      60374           1 12/09/2012           1    31.54
      67322           1 12/09/2012           4   126.16
      45044           1 12/11/2012           2    63.08
      86713           1 12/12/2012           2    63.08
       2332           1 12/13/2012           4   126.16
       4190           1 12/13/2012           1    31.54
      24362           1 12/13/2012           3    94.62
      36149           1 12/13/2012           2    63.08
      56999           1 12/14/2012           1    31.54
      15257           1 12/16/2012           3    94.62
      43541           1 12/16/2012           4   126.16
      37303           1 12/17/2012           2    63.08
      24368           1 12/18/2012           2    63.08
      54700           1 12/18/2012           1    31.54
      41515           1 12/27/2012           1    31.54
      80496           1 12/27/2012           1    31.54
       7402           1 01/10/2013           2    63.08
      60523           1 03/23/2013           2    63.08
      96425           1 04/06/2013           1    31.54
      45360           1 04/18/2013           2    63.08
      91565           1 04/22/2013           1    31.54
      66407           1 04/27/2013           1    31.54
      95598           1 05/01/2013           1    31.54
      87786           1 05/09/2013           1    31.54
      53679           1 05/10/2013           3    94.62
      18362           1 05/11/2013           2    63.08
      59995           1 05/12/2013           1    31.54
      63403           1 05/12/2013           2    63.08
      91233           1 05/13/2013           1    31.54
      29270           1 05/14/2013           3    94.62
      29349           1 05/14/2013           4   126.16
      68772           1 05/14/2013           2    63.08
      41397           1 05/16/2013           1    31.54
